chromosome	start	end	score
chr2	165195040	165195065	2.84
chr2	165195065	165195090	1.52
chr2	165195090	165195140	1
chr2	165195140	165195165	0.68
chr2	165195165	165195190	1
chr2	165195190	165195215	1.36
chr2	165195215	165195240	3.76
chr2	165195240	165195340	4
chr2	165195340	165195390	3
chr2	165195390	165195415	1.08
chr2	165195690	165195765	1
chr2	165195765	165195790	1.28
chr2	165195790	165195815	2
chr2	165195815	165195840	3.2
chr2	165195840	165195865	4
chr2	165195865	165195890	3.4
chr2	165195890	165195915	3
chr2	165195915	165195940	3.68
chr2	165195940	165195965	4
chr2	165195965	165195990	3.12
chr2	165195990	165196015	2.6
chr2	165196015	165196040	1.28
chr2	165196040	165196065	2.8
chr2	165196065	165196090	4.6
chr2	165196090	165196115	4.72
chr2	165196115	165196140	4.96
chr2	165196140	165196215	5
chr2	165196215	165196240	3.72
chr2	165196240	165196265	2.2
chr2	165196265	165196290	1
chr2	165196290	165196315	1.32
chr2	165196315	165196465	1
chr2	165196465	165196490	0.64
chr2	165196490	165196665	1
chr2	165196665	165196690	0.28
chr2	165196765	165196790	0.8
chr2	165196790	165196815	1
chr2	165196815	165196840	1.36
chr2	165196840	165196915	3
chr2	165196915	165196940	3.2
chr2	165196940	165196965	5.12
chr2	165196965	165196990	5.08
chr2	165196990	165197015	6
chr2	165197015	165197040	4.44
chr2	165197040	165197090	4
chr2	165197090	165197115	4.56
chr2	165197115	165197140	4.44
chr2	165197140	165197165	3
chr2	165197165	165197190	2.44
chr2	165197190	165197215	5.6
chr2	165197215	165197265	7
chr2	165197265	165197315	9.44
chr2	165197315	165197340	10.28
chr2	165197340	165197365	12.56
chr2	165197365	165197390	11.32
chr2	165197390	165197415	9.56
chr2	165197415	165197440	10
chr2	165197440	165197465	9.28
chr2	165197465	165197490	7
chr2	165197490	165197515	6.76
chr2	165197515	165197540	5.76
chr2	165197540	165197565	5
chr2	165197565	165197590	4.12
chr2	165197590	165197615	3.76
chr2	165197615	165197640	4.68
chr2	165197640	165197665	4.32
chr2	165197665	165197690	5
chr2	165197690	165197715	4.04
chr2	165197715	165197765	3
chr2	165197765	165197790	2.72
chr2	165197790	165197815	2.56
chr2	165197815	165197840	2
chr2	165197840	165197865	1.6
chr2	165197865	165197965	2
chr2	165197965	165197990	1.56
chr2	165197990	165198040	1
chr2	165198265	165198290	0.2
chr2	165198290	165198315	1
chr2	165198315	165198340	1.28
chr2	165198340	165198390	2
chr2	165198390	165198415	2.6
chr2	165198415	165198465	3
chr2	165198465	165198490	2.2
chr2	165198490	165198515	2
chr2	165198515	165198540	1.12
chr2	165198540	165198565	1.84
chr2	165198565	165198590	2.8
chr2	165198590	165198690	2
chr2	165198690	165198715	2.64
chr2	165198715	165198740	2.76
chr2	165198740	165198765	1.2
chr2	165198765	165198865	1
chr2	165198865	165198890	0.76
chr2	165199240	165199265	0.24
chr2	165199265	165199340	1
chr2	165199340	165199365	1.96
chr2	165199365	165199440	2
chr2	165199440	165199465	1.16
chr2	165199465	165199515	1
chr2	165199515	165199540	0.44
chr2	165200115	165200140	0.52
chr2	165200140	165200165	1
chr2	165200165	165200290	2
chr2	165200290	165200315	2.8
chr2	165200315	165200340	2.24
chr2	165200340	165200365	2.4
chr2	165200365	165200465	2
chr2	165200465	165200490	1.48
chr2	165200490	165200515	1
chr2	165200515	165200540	0.16
chr2	165200565	165200590	0.04
chr2	165200590	165200765	1
chr2	165200765	165200790	0.36
chr2	165200840	165200865	0.4
chr2	165200865	165200940	2
chr2	165200940	165200965	3.64
chr2	165200965	165201040	4
chr2	165201040	165201065	2.4
chr2	165201065	165201115	2
chr2	165201115	165201140	1.16
chr2	165201190	165201215	1.6
chr2	165201215	165201240	2
chr2	165201240	165201265	2.32
chr2	165201265	165201315	3
chr2	165201315	165201340	3.52
chr2	165201340	165201365	4
chr2	165201365	165201390	4.16
chr2	165201390	165201440	3
chr2	165201440	165201465	2.96
chr2	165201465	165201490	5
chr2	165201490	165201515	5.68
chr2	165201515	165201540	5
chr2	165201540	165201565	4.44
chr2	165201565	165201590	4
chr2	165201590	165201615	4.96
chr2	165201615	165201640	5
chr2	165201640	165201665	3.32
chr2	165201665	165201690	3.24
chr2	165201690	165201765	3
chr2	165201765	165201790	2.44
chr2	165201790	165201815	2
chr2	165201815	165201840	1.4
chr2	165201840	165201865	0.76
chr2	165202190	165202215	0.64
chr2	165202215	165202315	1
chr2	165202315	165202340	1.16
chr2	165202340	165202365	2.32
chr2	165202365	165202390	2.76
chr2	165202390	165202515	2
chr2	165202515	165202540	1.24
chr2	165202540	165202565	0.08
chr2	165202665	165202690	0.28
chr2	165202690	165202715	1
chr2	165202715	165202740	1.56
chr2	165202740	165202865	2
chr2	165202865	165202890	1.12
chr2	165202890	165202915	0.84
chr2	165203365	165203390	0.56
chr2	165203390	165203440	1
chr2	165203440	165203465	2.12
chr2	165203465	165203515	3
chr2	165203515	165203540	3.76
chr2	165203540	165203565	4.04
chr2	165203565	165203615	4
chr2	165203615	165203640	4.4
chr2	165203640	165203665	3.92
chr2	165203665	165203690	4.48
chr2	165203690	165203715	6.52
chr2	165203715	165203740	6
chr2	165203740	165203765	5.2
chr2	165203765	165203790	5
chr2	165203790	165203815	6.24
chr2	165203815	165203840	7.48
chr2	165203840	165203865	6.92
chr2	165203865	165203890	5.16
chr2	165203890	165203915	5.6
chr2	165203915	165203940	6
chr2	165203940	165203965	6.36
chr2	165203965	165203990	6.32
chr2	165203990	165204015	3.72
chr2	165204015	165204040	4.28
chr2	165204040	165204065	5.2
chr2	165204065	165204090	4.96
chr2	165204090	165204115	4.76
chr2	165204115	165204140	5
chr2	165204140	165204165	4.04
chr2	165204165	165204190	4
chr2	165204190	165204215	3.48
chr2	165204215	165204240	3.44
chr2	165204240	165204265	3.32
chr2	165204265	165204290	3.64
chr2	165204290	165204315	3
chr2	165204315	165204340	3.84
chr2	165204340	165204390	4
chr2	165204390	165204415	3.4
chr2	165204415	165204440	2
chr2	165204440	165204465	1.28
chr2	165204465	165204490	1
chr2	165204490	165204515	0.56
chr2	165205065	165205090	0.68
chr2	165205090	165205240	1
chr2	165205240	165205265	0.72
chr2	165205540	165205565	0.76
chr2	165205565	165205715	1
chr2	165205715	165205740	0.64
chr2	165205765	165205790	0.64
chr2	165205790	165205890	1
chr2	165205890	165205915	1.12
chr2	165205915	165205940	2
chr2	165205940	165205965	1.76
chr2	165205965	165206090	1
chr2	165206090	165206115	0.28
chr2	165206240	165206265	0.4
chr2	165206265	165206440	1
chr2	165207040	165207065	0.48
chr2	165207065	165207215	1
chr2	165207215	165207240	0.92
chr2	165207715	165207740	0.96
chr2	165207740	165207865	1
chr2	165207865	165207890	1.56
chr2	165207890	165207915	1.44
chr2	165207915	165208040	1
chr2	165208040	165208065	0.84
chr2	165208115	165208140	0.08
chr2	165208140	165208165	1
chr2	165208165	165208190	1.64
chr2	165208190	165208240	2
chr2	165208240	165208265	2.4
chr2	165208265	165208315	3
chr2	165208315	165208340	2.32
chr2	165208340	165208365	1.76
chr2	165208365	165208440	1
chr2	165208515	165208540	0.64
chr2	165208540	165208565	1
chr2	165208565	165208590	1.56
chr2	165208590	165208690	2
chr2	165208690	165208715	1.76
chr2	165208715	165208740	1
chr2	165208740	165208765	0.84
chr2	165208840	165208865	0.44
chr2	165208865	165209015	1
chr2	165209015	165209040	0.96
chr2	165209640	165209665	0.8
chr2	165209665	165209790	1
chr2	165209790	165209815	1.56
chr2	165209815	165209840	1.6
chr2	165209840	165209890	1
chr2	165209890	165209915	1.64
chr2	165209915	165209965	2
chr2	165209965	165209990	1.84
chr2	165209990	165210015	1
chr2	165210015	165210040	1.8
chr2	165210040	165210065	2
chr2	165210065	165210090	1.76
chr2	165210090	165210190	1
chr2	165210190	165210215	1.12
chr2	165210215	165210240	1
chr2	165210240	165210265	1.4
chr2	165210265	165210315	2
chr2	165210315	165210340	2.48
chr2	165210340	165210365	3
chr2	165210365	165210390	2.88
chr2	165210390	165210440	2
chr2	165210440	165210490	1
chr2	165210490	165210515	0.92
chr2	165210515	165210540	0.36
chr2	165210540	165210715	1
chr2	165210715	165210740	0.04
chr2	165212515	165212540	0.44
chr2	165212540	165212690	1
chr2	165212690	165212715	0.96
chr2	165212715	165212740	0.72
chr2	165212740	165212790	1
chr2	165212790	165212815	1.56
chr2	165212815	165212890	2
chr2	165212890	165212915	1.68
chr2	165212915	165212965	1
chr2	165212965	165212990	0.84
chr2	165213440	165213465	0.44
chr2	165213465	165213515	1
chr2	165213515	165213540	1.48
chr2	165213540	165213615	2
chr2	165213615	165213640	1.96
chr2	165213640	165213690	1
chr2	165213690	165213715	0.92
chr2	165213915	165213940	0.44
chr2	165213940	165214090	1
chr2	165214090	165214115	0.96
chr2	165214315	165214340	1.04
chr2	165214340	165214415	3
chr2	165214415	165214440	3.04
chr2	165214440	165214490	4
chr2	165214490	165214515	3.84
chr2	165214515	165214540	1.32
chr2	165214540	165214615	1
chr2	165214615	165214640	0.36
chr2	165216115	165216140	0.04
chr2	165216140	165216190	1
chr2	165216190	165216215	1.88
chr2	165216215	165216315	2
chr2	165216315	165216340	1.36
chr2	165216340	165216365	1
chr2	165216365	165216390	0.52
chr2	165216840	165216865	0.48
chr2	165216865	165217015	1
chr2	165217015	165217040	0.92
chr2	165217140	165217165	0.12
chr2	165217165	165217340	1
chr2	165217340	165217365	0.28
chr2	165217390	165217415	0.32
chr2	165217415	165217540	1
chr2	165217540	165217565	2.12
chr2	165217565	165217590	3
chr2	165217590	165217615	2.08
chr2	165217615	165217715	2
chr2	165217715	165217740	1.68
chr2	165219015	165219040	0.48
chr2	165219040	165219065	2.2
chr2	165219065	165219215	3
chr2	165219215	165219240	1.32
chr2	165219240	165219265	0.2
chr2	165219715	165219740	0.56
chr2	165219740	165219865	1
chr2	165219865	165219890	1.36
chr2	165219890	165219915	1.84
chr2	165219915	165220065	1
chr2	165220065	165220090	0.04
chr2	165220540	165220565	0.6
chr2	165220565	165220640	1
chr2	165220640	165220665	1.92
chr2	165220665	165220715	2
chr2	165220715	165220740	1.84
chr2	165220740	165220815	2
chr2	165220815	165220840	1.48
chr2	165220840	165220915	1
chr2	165220915	165220940	0.36
chr2	165220990	165221015	0.4
chr2	165221015	165221190	1
chr2	165221240	165221265	0.36
chr2	165221265	165221290	1.4
chr2	165221290	165221315	2.2
chr2	165221315	165221440	3
chr2	165221440	165221465	2.04
chr2	165221465	165221490	1
chr2	165221490	165221515	0.2
chr2	165221515	165221540	0.6
chr2	165221540	165221665	2
chr2	165221665	165221690	3.84
chr2	165221690	165221715	4
chr2	165221715	165221740	2.2
chr2	165221740	165221840	2
chr2	165221840	165221865	0.96
chr2	165221865	165221890	0.68
chr2	165221890	165222040	1
chr2	165222040	165222065	1.2
chr2	165222065	165222215	1
chr2	165222215	165222240	0.92
chr2	165222315	165222340	0.56
chr2	165222340	165222490	1
chr2	165222490	165222515	0.84
chr2	165222540	165222565	0.36
chr2	165222565	165222665	1
chr2	165222665	165222690	1.68
chr2	165222690	165222740	2
chr2	165222740	165222765	1.04
chr2	165222765	165222840	1
chr2	165222840	165222865	0.72
chr2	165223115	165223140	0.24
chr2	165223140	165223315	1
chr2	165223315	165223340	0.16
chr2	165224240	165224265	0.24
chr2	165224265	165224440	1
chr2	165224440	165224465	0.16
chr2	165224640	165224665	0.84
chr2	165224665	165224690	1
chr2	165224690	165224715	1.52
chr2	165224715	165224815	2
chr2	165224815	165224840	1.56
chr2	165224840	165224865	1
chr2	165224865	165224890	0.88
chr2	165226165	165226190	0.24
chr2	165226190	165226365	1
chr2	165226365	165226390	0.16
chr2	165226840	165226865	0.24
chr2	165226865	165227040	1
chr2	165227040	165227065	0.16
chr2	165227365	165227390	0.96
chr2	165227390	165227515	1
chr2	165227515	165227540	1.72
chr2	165227540	165227565	2.88
chr2	165227565	165227690	3
chr2	165227690	165227715	2.68
chr2	165227715	165227740	1.36
chr2	165227815	165227840	2.76
chr2	165227840	165227990	3
chr2	165227990	165228015	1.44
chr2	165228115	165228140	0.92
chr2	165228140	165228290	1
chr2	165228290	165228315	0.48
chr2	165228615	165228790	1
chr2	165228790	165228815	0.4
chr2	165228965	165228990	0.76
chr2	165228990	165229140	1
chr2	165229140	165229165	0.64
chr2	165229215	165229240	0.64
chr2	165229240	165229390	1
chr2	165229390	165229415	0.76
chr2	165229465	165229640	1
chr2	165229640	165229665	0.4
chr2	165229965	165229990	0.16
chr2	165229990	165230165	1
chr2	165230165	165230190	0.24
chr2	165230790	165230815	0.4
chr2	165230815	165230990	1
chr2	165231065	165231090	0.44
chr2	165231090	165231115	1.84
chr2	165231115	165231240	2
chr2	165231240	165231265	1.96
chr2	165231265	165231290	1.56
chr2	165231290	165231340	1
chr2	165231340	165231365	1.32
chr2	165231365	165231440	2
chr2	165231440	165231465	1.4
chr2	165231465	165231540	1
chr2	165231540	165231565	0.08
chr2	165231565	165231590	0.2
chr2	165231590	165231765	1
chr2	165231765	165231790	0.2
chr2	165231990	165232015	0.44
chr2	165232015	165232165	1
chr2	165232165	165232190	0.96
chr2	165232515	165232540	0.84
chr2	165232540	165232690	1
chr2	165232690	165232715	0.56
chr2	165232715	165232740	0.68
chr2	165232740	165232840	1
chr2	165232840	165232865	1.72
chr2	165232865	165232890	3
chr2	165232890	165232915	2.72
chr2	165232915	165232940	2
chr2	165232940	165232965	2.04
chr2	165232965	165233015	3
chr2	165233015	165233040	2.88
chr2	165233040	165233065	1.2
chr2	165233065	165233140	1
chr2	165233140	165233165	0.36
chr2	165233315	165233340	0.96
chr2	165233340	165233490	1
chr2	165233490	165233515	0.44
chr2	165233565	165233590	0.4
chr2	165233590	165233740	1
chr2	165233740	165233765	1.88
chr2	165233765	165233840	1
chr2	165233840	165233865	1.08
chr2	165233865	165233915	2
chr2	165233915	165233940	2.04
chr2	165233940	165233965	2.88
chr2	165233965	165234040	3
chr2	165234040	165234065	2.32
chr2	165234065	165234090	2
chr2	165234090	165234115	1.88
chr2	165234115	165234140	0.52
chr2	165234590	165234615	1.68
chr2	165234615	165234765	2
chr2	165234765	165234790	1.12
chr2	165234890	165234915	0.8
chr2	165234915	165235065	1
chr2	165235065	165235090	0.6
chr2	165235165	165235190	0.88
chr2	165235190	165235340	1
chr2	165235340	165235365	1.2
chr2	165235365	165235515	1
chr2	165235515	165235540	0.72
chr2	165236440	165236465	0.6
chr2	165236465	165236615	1
chr2	165236615	165236640	0.8
chr2	165237190	165237215	0.92
chr2	165237215	165237240	1.92
chr2	165237240	165237290	2
chr2	165237290	165237315	3.44
chr2	165237315	165237365	4
chr2	165237365	165237390	3.48
chr2	165237390	165237415	2.48
chr2	165237415	165237465	2
chr2	165237465	165237490	1.36
chr2	165237515	165237540	0.44
chr2	165237540	165237690	1
chr2	165237690	165237715	0.96
chr2	165238365	165238390	0.36
chr2	165238390	165238415	1
chr2	165238415	165238440	1.96
chr2	165238440	165238565	2
chr2	165238565	165238590	1.04
chr2	165238590	165238615	0.44
chr2	165238615	165238640	0.76
chr2	165238640	165238790	1
chr2	165238790	165238815	0.64
chr2	165239065	165239090	0.4
chr2	165239090	165239440	1
chr2	165239440	165239465	0.4
chr2	165239890	165239915	0.44
chr2	165239915	165240065	1
chr2	165240065	165240090	0.96
chr2	165240715	165240740	0.4
chr2	165240740	165240915	1
chr2	165240990	165241015	0.92
chr2	165241015	165241165	1
chr2	165241165	165241190	0.48
chr2	165241315	165241340	0.56
chr2	165241340	165241490	1
chr2	165241490	165241515	0.84
chr2	165241590	165241615	0.12
chr2	165241615	165241665	1
chr2	165241665	165241690	1.32
chr2	165241690	165241790	2
chr2	165241790	165241815	1.28
chr2	165241815	165241865	1
chr2	165241865	165241890	0.08
chr2	165242390	165242415	0.84
chr2	165242415	165242565	1
chr2	165242565	165242590	0.56
chr2	165242890	165242915	0.6
chr2	165242915	165242965	1
chr2	165242965	165242990	1.4
chr2	165242990	165243065	2
chr2	165243065	165243090	1.8
chr2	165243090	165243115	1.76
chr2	165243115	165243165	2
chr2	165243165	165243240	1
chr2	165243240	165243265	1.96
chr2	165243265	165243290	1.64
chr2	165243290	165243315	1
chr2	165243315	165243340	1.84
chr2	165243340	165243365	2
chr2	165243365	165243415	3
chr2	165243415	165243440	2.44
chr2	165243440	165243490	2
chr2	165243490	165243515	1.56
chr2	165243515	165243540	1
chr2	165243540	165243565	0.4
chr2	165243815	165243840	0.12
chr2	165243840	165243915	1
chr2	165243915	165243940	1.36
chr2	165243940	165244015	2
chr2	165244015	165244040	1.28
chr2	165244040	165244065	1.12
chr2	165244065	165244115	2
chr2	165244115	165244140	1.04
chr2	165244140	165244240	1
chr2	165244240	165244265	0.28
chr2	165244415	165244440	0.24
chr2	165244440	165244615	1
chr2	165244615	165244640	0.16
chr2	165244865	165244890	0.56
chr2	165244890	165244915	1.12
chr2	165244915	165245040	2
chr2	165245040	165245065	1.84
chr2	165245065	165245090	1
chr2	165245090	165245115	0.68
chr2	165245115	165245290	1
chr2	165245365	165245390	0.52
chr2	165245390	165245540	1
chr2	165245540	165245565	0.88
chr2	165245765	165245790	0.28
chr2	165245790	165245965	1
chr2	165245965	165245990	0.12
chr2	165246165	165246340	1
chr2	165246340	165246365	0.4
chr2	165246665	165246690	0.12
chr2	165246690	165246740	1
chr2	165246740	165246765	1.32
chr2	165246765	165246865	2
chr2	165246865	165246890	1.28
chr2	165246890	165246940	1
chr2	165246940	165246965	0.08
chr2	165247190	165247290	1
chr2	165247290	165247315	1.64
chr2	165247315	165247365	2
chr2	165247365	165247390	1.4
chr2	165247390	165247465	1
chr2	165247465	165247490	0.84
chr2	165247490	165247665	1
chr2	165247665	165247690	0.32
chr2	165247715	165247740	0.4
chr2	165247740	165247815	1
chr2	165247815	165247840	1.12
chr2	165247840	165247915	2
chr2	165247915	165247990	1
chr2	165247990	165248015	1.4
chr2	165248015	165248040	1.28
chr2	165248040	165248190	1
chr2	165248665	165248690	0.96
chr2	165248690	165248840	1
chr2	165248840	165248865	0.44
chr2	165249115	165249140	0.88
chr2	165249140	165249265	1
chr2	165249265	165249290	1.96
chr2	165249290	165249315	1.52
chr2	165249315	165249440	1
chr2	165249440	165249465	0.56
chr2	165249465	165249540	1
chr2	165249540	165249640	2
chr2	165249640	165249665	1.28
chr2	165249665	165249715	1
chr2	165249715	165249740	0.4
chr2	165251090	165251115	0.92
chr2	165251115	165251265	1
chr2	165251265	165251315	0.48
chr2	165251315	165251340	1
chr2	165251340	165251365	1.28
chr2	165251365	165251465	2
chr2	165251465	165251490	1.92
chr2	165251490	165251540	1
chr2	165251540	165251565	0.12
chr2	165252115	165252140	0.36
chr2	165252140	165252315	1
chr2	165252315	165252340	0.68
chr2	165252340	165252365	1
chr2	165252365	165252390	1.24
chr2	165252390	165252490	2
chr2	165252490	165252515	1.76
chr2	165252515	165252565	1
chr2	165252565	165252590	0.16
chr2	165252640	165252665	0.92
chr2	165252665	165252815	1
chr2	165252815	165252840	0.48
chr2	165252890	165252915	0.2
chr2	165252915	165252940	1
chr2	165252940	165252965	1.8
chr2	165252965	165253090	2
chr2	165253090	165253115	1.2
chr2	165253115	165253140	0.6
chr2	165253915	165253940	0.88
chr2	165253940	165254090	1
chr2	165254090	165254115	0.52
chr2	165254415	165254440	0.12
chr2	165254440	165254615	1
chr2	165254615	165254640	0.28
chr2	165254665	165254690	0.2
chr2	165254690	165254815	1
chr2	165254815	165254840	1.4
chr2	165254840	165254865	2
chr2	165254865	165254890	1.2
chr2	165254890	165255015	1
chr2	165255215	165255240	0.56
chr2	165255240	165255390	1
chr2	165255390	165255415	0.84
chr2	165255965	165255990	0.76
chr2	165255990	165256140	2
chr2	165256140	165256165	1.96
chr2	165256165	165256190	1.44
chr2	165256190	165256215	2.96
chr2	165256215	165256340	3
chr2	165256340	165256365	2.36
chr2	165256365	165256390	0.52
chr2	165256415	165256440	0.8
chr2	165256440	165256590	1
chr2	165256590	165256615	0.6
chr2	165256665	165256690	0.88
chr2	165256690	165256840	1
chr2	165256840	165256865	0.52
chr2	165256990	165257015	0.96
chr2	165257015	165257140	2
chr2	165257140	165257165	2.16
chr2	165257165	165257190	2.84
chr2	165257190	165257215	1
chr2	165257215	165257240	2.36
chr2	165257240	165257340	3
chr2	165257340	165257365	2.24
chr2	165257365	165257390	2
chr2	165257390	165257415	1.44
chr2	165257665	165257690	0.84
chr2	165257690	165257790	1
chr2	165257790	165257815	1.08
chr2	165257815	165257840	2.88
chr2	165257840	165257865	2.56
chr2	165257865	165257990	2
chr2	165257990	165258015	0.84
chr2	165258390	165258415	0.4
chr2	165258415	165258590	1
chr2	165259015	165259040	0.64
chr2	165259040	165259190	1
chr2	165259190	165259215	2.28
chr2	165259215	165259365	2
chr2	165259365	165259390	1.64
chr2	165259390	165259565	1
chr2	165259565	165259590	0.04
chr2	165259965	165259990	0.56
chr2	165259990	165260140	1
chr2	165260140	165260165	0.84
chr2	165260290	165260315	0.88
chr2	165260315	165260465	1
chr2	165260465	165260490	0.52
chr2	165260765	165260790	0.52
chr2	165260790	165260940	1
chr2	165260940	165260965	0.88
chr2	165261515	165261540	0.32
chr2	165261540	165261565	2
chr2	165261565	165261715	3
chr2	165261715	165261740	1.48
chr2	165261740	165261765	0.4
chr2	165262215	165262240	0.56
chr2	165262240	165262265	1.24
chr2	165262265	165262390	2
chr2	165262390	165262415	1.84
chr2	165262415	165262440	1
chr2	165262440	165262465	0.16
chr2	165263565	165263590	0.32
chr2	165263590	165263765	1
chr2	165263765	165263790	0.6
chr2	165263790	165263865	1
chr2	165263865	165263940	2
chr2	165263940	165263965	1.88
chr2	165263965	165264040	1
chr2	165264040	165264065	0.4
chr2	165264115	165264140	0.96
chr2	165264140	165264290	1
chr2	165264290	165264315	0.44
chr2	165264815	165264840	0.56
chr2	165264840	165264990	1
chr2	165264990	165265015	0.84
chr2	165266140	165266165	0.08
chr2	165266165	165266340	1
chr2	165266340	165266365	0.48
chr2	165266365	165266440	1
chr2	165266440	165266465	1.52
chr2	165266465	165266540	2
chr2	165266540	165266565	1.24
chr2	165266565	165266615	1
chr2	165266615	165266640	0.88
chr2	165266765	165266790	0.68
chr2	165266790	165266940	1
chr2	165266940	165266965	0.72
chr2	165267215	165267240	0.96
chr2	165267240	165267390	1
chr2	165267390	165267415	0.56
chr2	165267415	165267590	1
chr2	165267590	165267615	0.28
chr2	165267740	165267765	1.44
chr2	165267765	165267915	3
chr2	165267915	165267940	2.76
chr2	165267965	165268140	1
chr2	165268140	165268165	0.4
chr2	165268515	165268540	0.88
chr2	165268540	165268565	1
chr2	165268565	165268590	1.88
chr2	165268590	165268640	2
chr2	165268640	165268665	2.6
chr2	165268665	165268690	3
chr2	165268690	165268715	3.16
chr2	165268715	165268740	3.8
chr2	165268740	165268765	3.52
chr2	165268765	165268790	4.28
chr2	165268790	165268815	5
chr2	165268815	165268865	5.56
chr2	165268865	165268890	6.76
chr2	165268890	165268915	5.68
chr2	165268915	165268940	7.8
chr2	165268940	165268965	7.52
chr2	165268965	165268990	6
chr2	165268990	165269015	5.64
chr2	165269015	165269040	4.88
chr2	165269040	165269065	3.36
chr2	165269065	165269090	3
chr2	165269090	165269115	1.32
chr2	165269365	165269390	0.4
chr2	165269390	165269415	1
chr2	165269415	165269440	1.8
chr2	165269440	165269465	2.24
chr2	165269465	165269565	3
chr2	165269565	165269590	2
chr2	165269590	165269615	1.6
chr2	165269615	165269640	1
chr2	165269640	165269665	0.16
chr2	165270015	165270040	0.96
chr2	165270040	165270190	1
chr2	165270190	165270215	0.44
chr2	165270565	165270590	0.44
chr2	165270590	165270740	1
chr2	165270740	165270765	0.96
chr2	165270790	165270815	0.56
chr2	165270815	165270965	1
chr2	165270965	165270990	0.84
chr2	165271015	165271040	0.96
chr2	165271040	165271190	1
chr2	165271190	165271215	0.44
chr2	165271265	165271290	0.12
chr2	165271290	165271315	1
chr2	165271315	165271340	1.56
chr2	165271340	165271465	2
chr2	165271465	165271490	1.28
chr2	165271490	165271515	0.84
chr2	165271840	165271865	0.4
chr2	165271865	165272040	1
chr2	165272390	165272415	0.48
chr2	165272415	165272565	1
chr2	165272565	165272590	0.92
chr2	165272615	165272640	0.32
chr2	165272640	165272790	1
chr2	165272790	165272815	1.24
chr2	165272815	165272840	1.08
chr2	165272840	165272890	1
chr2	165272890	165272990	2
chr2	165272990	165273015	1.16
chr2	165273015	165273065	1
chr2	165273065	165273090	0.4
chr2	165273915	165273940	0.64
chr2	165273940	165274090	1
chr2	165274090	165274115	0.76
chr2	165274115	165274140	0.88
chr2	165274140	165274290	1
chr2	165274290	165274315	0.52
chr2	165274390	165274415	0.68
chr2	165274415	165274440	2.68
chr2	165274440	165274565	4
chr2	165274565	165274590	3.72
chr2	165274590	165274615	2.36
chr2	165274615	165274640	0.16
chr2	165274640	165274665	0.44
chr2	165274665	165274740	1
chr2	165274740	165274765	1.56
chr2	165274765	165274815	2
chr2	165274815	165274840	1.96
chr2	165274840	165274915	1
chr2	165274915	165274940	0.84
chr2	165274965	165274990	0.64
chr2	165274990	165275140	1
chr2	165275140	165275165	0.76
chr2	165275490	165275515	0.52
chr2	165275515	165275665	1
chr2	165275665	165275690	0.88
chr2	165275865	165275890	0.12
chr2	165275890	165276065	1
chr2	165276065	165276090	0.28
chr2	165276265	165276290	0.84
chr2	165276290	165276315	1
chr2	165276315	165276340	1.16
chr2	165276340	165276440	2
chr2	165276440	165276465	1.56
chr2	165276465	165276515	1
chr2	165276515	165276540	0.24
chr2	165276865	165276890	0.76
chr2	165276890	165277040	1
chr2	165277040	165277065	0.64
chr2	165277140	165277165	0.64
chr2	165277165	165277215	1
chr2	165277215	165277240	1.64
chr2	165277240	165277315	2
chr2	165277315	165277340	1.76
chr2	165277340	165277390	1
chr2	165277390	165277415	0.76
chr2	165277565	165277590	0.68
chr2	165277590	165277615	1.68
chr2	165277615	165277640	2.96
chr2	165277640	165277665	3
chr2	165277665	165277690	3.36
chr2	165277690	165277740	6
chr2	165277740	165277765	5.72
chr2	165277765	165277790	4.72
chr2	165277790	165277815	4.12
chr2	165277815	165277865	4
chr2	165277865	165277890	1.84
chr2	165277890	165277965	1
chr2	165277965	165277990	0.72
chr2	165277990	165278015	0.68
chr2	165278015	165278040	1.24
chr2	165278040	165278065	2
chr2	165278065	165278090	2.8
chr2	165278090	165278115	3.64
chr2	165278115	165278140	4
chr2	165278140	165278165	5.4
chr2	165278165	165278190	6.64
chr2	165278190	165278215	7.6
chr2	165278215	165278240	7.24
chr2	165278240	165278265	7.6
chr2	165278265	165278290	6.76
chr2	165278290	165278315	7.76
chr2	165278315	165278340	9.4
chr2	165278340	165278365	7.48
chr2	165278365	165278390	6.92
chr2	165278390	165278415	6
chr2	165278415	165278440	5.32
chr2	165278440	165278465	5.04
chr2	165278465	165278490	5.44
chr2	165278490	165278515	2.4
chr2	165278515	165278540	2.76
chr2	165278540	165278565	2.68
chr2	165278565	165278615	2
chr2	165278615	165278640	2.76
chr2	165278640	165278665	3.12
chr2	165278665	165278690	3.92
chr2	165278690	165278715	3.64
chr2	165278715	165278790	3
chr2	165278790	165278815	2.64
chr2	165278815	165278840	1.64
chr2	165278840	165278865	0.48
chr2	165279065	165279090	0.08
chr2	165279090	165279165	1
chr2	165279165	165279190	1.52
chr2	165279190	165279265	2
chr2	165279265	165279290	1.32
chr2	165279290	165279340	1
chr2	165279340	165279365	0.88
chr2	165279765	165279790	1.12
chr2	165279790	165279940	2
chr2	165279940	165279965	1.68
chr2	165280540	165280565	0.2
chr2	165280565	165280740	1
chr2	165280740	165280765	0.2
chr2	165281065	165281090	0.52
chr2	165281090	165281240	1
chr2	165281240	165281265	0.88
chr2	165281565	165281590	0.04
chr2	165281590	165281615	1
chr2	165281615	165281640	1.88
chr2	165281640	165281765	2
chr2	165281765	165281790	1.36
chr2	165281790	165281815	1.24
chr2	165281815	165281990	2
chr2	165281990	165282015	0.84
chr2	165282015	165282065	1
chr2	165282065	165282090	1.52
chr2	165282090	165282165	2
chr2	165282165	165282190	1.64
chr2	165282190	165282240	1
chr2	165282240	165282265	0.88
chr2	165282790	165282815	0.92
chr2	165282815	165282965	1
chr2	165282965	165282990	0.48
chr2	165282990	165283015	0.28
chr2	165283015	165283190	1
chr2	165283190	165283215	0.12
chr2	165283490	165283515	0.72
chr2	165283515	165283665	1
chr2	165283665	165283690	0.68
chr2	165283865	165283890	0.08
chr2	165283890	165283940	1
chr2	165283940	165283965	1.24
chr2	165283965	165284065	2
chr2	165284065	165284090	1.32
chr2	165284090	165284140	1
chr2	165284140	165284165	0.16
chr2	165284365	165284390	0.88
chr2	165284390	165284540	1
chr2	165284540	165284565	0.52
chr2	165284715	165284740	0.84
chr2	165284740	165284890	1
chr2	165284890	165284915	0.56
chr2	165285215	165285240	1.36
chr2	165285240	165285390	3
chr2	165285390	165285415	2.52
chr2	165285415	165285440	0.32
chr2	165285615	165285640	0.76
chr2	165285640	165285790	1
chr2	165285790	165285815	0.64
chr2	165285815	165285840	0.2
chr2	165285840	165286015	1
chr2	165286015	165286040	0.2
chr2	165286165	165286190	0.68
chr2	165286190	165286315	1
chr2	165286315	165286340	2.36
chr2	165286340	165286365	2.72
chr2	165286365	165286390	2
chr2	165286390	165286415	2.32
chr2	165286415	165286440	4
chr2	165286440	165286465	4.24
chr2	165286465	165286490	5.56
chr2	165286490	165286515	5.44
chr2	165286515	165286590	4
chr2	165286590	165286615	2.48
chr2	165286615	165286640	2
chr2	165286640	165286665	1.4
chr2	165286665	165286790	1
chr2	165286790	165286815	1.36
chr2	165286815	165286840	2
chr2	165286840	165286990	1
chr2	165286990	165287015	0.04
chr2	165287365	165287390	0.28
chr2	165287390	165287565	1
chr2	165287565	165287590	0.12
chr2	165287665	165287690	0.32
chr2	165287690	165287865	1
chr2	165287865	165287890	0.08
chr2	165288190	165288215	0.32
chr2	165288215	165288265	1
chr2	165288265	165288290	1.96
chr2	165288290	165288390	2
chr2	165288390	165288415	1.08
chr2	165288415	165288440	1
chr2	165288440	165288465	0.44
chr2	165288515	165288540	0.8
chr2	165288540	165288690	1
chr2	165288690	165288715	1.2
chr2	165288715	165288865	1
chr2	165288865	165288890	0.8
chr2	165289840	165289865	0.16
chr2	165289865	165290040	1
chr2	165290040	165290065	0.24
chr2	165290340	165290365	0.04
chr2	165290365	165290540	1
chr2	165290540	165290565	0.36
chr2	165291515	165291540	0.04
chr2	165291540	165291590	1
chr2	165291590	165291615	1.52
chr2	165291615	165291640	2.44
chr2	165291640	165291715	3
chr2	165291715	165291740	2.36
chr2	165291740	165291765	2
chr2	165291765	165291790	1.88
chr2	165291790	165291815	0.96
chr2	165291940	165291965	0.28
chr2	165291965	165292140	1
chr2	165292140	165292165	0.12
chr2	165292190	165292215	0.68
chr2	165292215	165292365	1
chr2	165292365	165292390	0.72
chr2	165292440	165292465	0.76
chr2	165292465	165292515	1
chr2	165292515	165292615	2
chr2	165292615	165292640	1.64
chr2	165292640	165292690	1
chr2	165292690	165292715	0.4
chr2	165292790	165292815	0.92
chr2	165292815	165292965	1
chr2	165292965	165292990	0.48
chr2	165292990	165293015	0.28
chr2	165293015	165293090	1
chr2	165293090	165293115	1.24
chr2	165293115	165293190	2
chr2	165293190	165293215	1.12
chr2	165293215	165293290	1
chr2	165293290	165293315	0.16
chr2	165293315	165293340	0.64
chr2	165293340	165293365	2.04
chr2	165293365	165293440	3
chr2	165293440	165293465	3.36
chr2	165293465	165293490	4
chr2	165293490	165293515	3.8
chr2	165293515	165293540	3.76
chr2	165293540	165293565	2.72
chr2	165293565	165293640	3
chr2	165293640	165293665	2.04
chr2	165293665	165293690	3
chr2	165293690	165293715	3.4
chr2	165293715	165293740	5.6
chr2	165293740	165293840	5
chr2	165293840	165293865	4.4
chr2	165293865	165293890	4
chr2	165293890	165293915	0.64
chr2	165293990	165294015	0.6
chr2	165294015	165294040	1.88
chr2	165294040	165294090	2
chr2	165294090	165294115	2.88
chr2	165294115	165294165	3
chr2	165294165	165294190	2.8
chr2	165294190	165294215	1.52
chr2	165294215	165294240	1.84
chr2	165294240	165294265	2.48
chr2	165294265	165294290	2.52
chr2	165294290	165294340	2
chr2	165294340	165294365	2.48
chr2	165294365	165294390	3
chr2	165294390	165294415	2.56
chr2	165294415	165294440	1.92
chr2	165294440	165294515	1
chr2	165294515	165294540	0.92
chr2	165295015	165295040	0.88
chr2	165295040	165295190	1
chr2	165295190	165295215	0.52
chr2	165295815	165295840	0.24
chr2	165295840	165295990	1
chr2	165295990	165296015	1.8
chr2	165296015	165296040	1.16
chr2	165296040	165296165	1
chr2	165296165	165296190	0.6
chr2	165296240	165296265	0.6
chr2	165296265	165296415	1
chr2	165296415	165296440	0.8
chr2	165297840	165297865	0.84
chr2	165297865	165298015	1
chr2	165298015	165298040	0.56
chr2	165298840	165298865	0.76
chr2	165298865	165299015	1
chr2	165299015	165299040	0.64
chr2	165299090	165299115	0.36
chr2	165299115	165299265	1
chr2	165299265	165299290	1.2
chr2	165299290	165299315	1.04
chr2	165299315	165299340	1
chr2	165299340	165299365	1.48
chr2	165299365	165299390	2
chr2	165299390	165299415	2.4
chr2	165299415	165299465	4
chr2	165299465	165299490	3.2
chr2	165299490	165299515	3
chr2	165299515	165299540	2.92
chr2	165299540	165299590	2
chr2	165299590	165299615	0.4
chr2	165299765	165299790	0.84
chr2	165299790	165299940	1
chr2	165299940	165299965	0.56
chr2	165300190	165300215	0.6
chr2	165300215	165300365	2
chr2	165300365	165300390	1.96
chr2	165300390	165300415	0.24
chr2	165300790	165300815	1.8
chr2	165300815	165300965	2
chr2	165300965	165300990	1
chr2	165301265	165301290	0.96
chr2	165301290	165301440	1
chr2	165301440	165301465	0.44
chr2	165302065	165302090	0.92
chr2	165302090	165302240	1
chr2	165302240	165302265	1.12
chr2	165302265	165302340	2
chr2	165302340	165302365	2.8
chr2	165302365	165302440	3
chr2	165302440	165302465	1.16
chr2	165302465	165302515	1
chr2	165302515	165302540	0.6
chr2	165303015	165303040	0.08
chr2	165303040	165303215	1
chr2	165303215	165303240	0.32
chr2	165303440	165303465	0.8
chr2	165303465	165303515	1
chr2	165303515	165303540	1.56
chr2	165303540	165303590	2
chr2	165303590	165303615	2.96
chr2	165303615	165303640	2.6
chr2	165303640	165303690	2
chr2	165303690	165303715	1.84
chr2	165303715	165303765	1
chr2	165303765	165303790	0.44
chr2	165304315	165304340	0.2
chr2	165304340	165304490	1
chr2	165304490	165304515	1.8
chr2	165304515	165304540	1.2
chr2	165304540	165304665	1
chr2	165304665	165304690	0.6
chr2	165304765	165304790	0.52
chr2	165304790	165304865	1
chr2	165304865	165304890	1.64
chr2	165304890	165304940	2
chr2	165304940	165304965	1.88
chr2	165304965	165304990	1
chr2	165304990	165305015	1.48
chr2	165305015	165305040	3
chr2	165305040	165305065	2.76
chr2	165305065	165305165	2
chr2	165305165	165305190	2.76
chr2	165305190	165305215	1.32
chr2	165305215	165305340	1
chr2	165305340	165305365	0.64
chr2	165305415	165305440	0.44
chr2	165305440	165305590	1
chr2	165305590	165305615	0.96
chr2	165305815	165305840	0.88
chr2	165305840	165305890	1
chr2	165305890	165305915	1.28
chr2	165305915	165305990	2
chr2	165305990	165306015	1.52
chr2	165306015	165306090	1
chr2	165306090	165306115	0.12
chr2	165307640	165307665	0.44
chr2	165307665	165307815	1
chr2	165307815	165307840	0.96
chr2	165307940	165307965	0.56
chr2	165307965	165308115	1
chr2	165308115	165308140	0.84
chr2	165308165	165308340	1
chr2	165308340	165308365	0.4
chr2	165309365	165309390	0.68
chr2	165309390	165309540	1
chr2	165309540	165309565	0.72
chr2	165309690	165309715	0.68
chr2	165309715	165309790	1
chr2	165309790	165309815	2.76
chr2	165309815	165309865	3
chr2	165309865	165309890	2.72
chr2	165309890	165309965	2
chr2	165309965	165309990	1.04
chr2	165310290	165310315	0.12
chr2	165310315	165310490	1
chr2	165310490	165310515	0.28
chr2	165310940	165310965	0.24
chr2	165310965	165310990	2.36
chr2	165310990	165311140	3
chr2	165311140	165311165	1.6
chr2	165311565	165311590	0.16
chr2	165311590	165311765	1
chr2	165311765	165311790	0.24
chr2	165312440	165312465	0.24
chr2	165312465	165312640	1
chr2	165312640	165312665	0.16
chr2	165312765	165312790	1.24
chr2	165312790	165312940	3
chr2	165312940	165312965	2.72
chr2	165312965	165312990	0.24
chr2	165313590	165313615	1.2
chr2	165313615	165313765	2
chr2	165313765	165313790	1.6
chr2	165313865	165313890	0.76
chr2	165313890	165314040	1
chr2	165314040	165314065	0.64
chr2	165314565	165314590	0.44
chr2	165314590	165314740	1
chr2	165314740	165314765	1.88
chr2	165314765	165314915	1
chr2	165314915	165314940	0.48
chr2	165315065	165315090	0.16
chr2	165315090	165315215	1
chr2	165315215	165315240	1.04
chr2	165315240	165315265	2
chr2	165315265	165315290	1.24
chr2	165315290	165315415	1
chr2	165315415	165315465	0.36
chr2	165315465	165315640	1
chr2	165315640	165315665	0.04
chr2	165315790	165315815	0.92
chr2	165315815	165315940	2
chr2	165315940	165315965	2.64
chr2	165315965	165315990	3.2
chr2	165315990	165316015	2.2
chr2	165316015	165316115	2
chr2	165316115	165316140	1.76
chr2	165316140	165316165	0.88
chr2	165316215	165316240	0.76
chr2	165316240	165316390	2
chr2	165316390	165316415	1.72
chr2	165316415	165316440	0.32
chr2	165317090	165317265	1
chr2	165317265	165317290	0.4
chr2	165317890	165317915	0.48
chr2	165317915	165318065	1
chr2	165318065	165318090	0.92
chr2	165318265	165318290	0.56
chr2	165318290	165318440	1
chr2	165318440	165318465	0.84
chr2	165318690	165318715	0.52
chr2	165318715	165318740	1.6
chr2	165318740	165318765	2
chr2	165318765	165318790	2.88
chr2	165318790	165318865	3
chr2	165318865	165318890	2.88
chr2	165318890	165318915	1.8
chr2	165318915	165318940	1
chr2	165318940	165318965	0.52
chr2	165319215	165319240	0.04
chr2	165319240	165319265	1
chr2	165319265	165319290	1.12
chr2	165319290	165319340	2
chr2	165319340	165319365	2.4
chr2	165319365	165319415	3
chr2	165319415	165319440	2.36
chr2	165319440	165319465	2
chr2	165319465	165319490	1.28
chr2	165319490	165319540	1
chr2	165319640	165319665	0.2
chr2	165319665	165319690	1.56
chr2	165319690	165319740	2
chr2	165319740	165319765	3.84
chr2	165319765	165319790	4.56
chr2	165319790	165319840	5
chr2	165319840	165319865	4.04
chr2	165319865	165319890	3.76
chr2	165319890	165319915	4
chr2	165319915	165319940	2.96
chr2	165319940	165319965	1.84
chr2	165319965	165319990	1.76
chr2	165319990	165320040	2
chr2	165320040	165320065	1.64
chr2	165320065	165320140	1
chr2	165320140	165320165	0.64
chr2	165320290	165320315	0.36
chr2	165320315	165320490	1
chr2	165320490	165320515	0.04
chr2	165320565	165320590	0.16
chr2	165320590	165320765	1
chr2	165320765	165320790	0.76
chr2	165320790	165320940	1
chr2	165320940	165320965	0.88
chr2	165322040	165322065	0.36
chr2	165322065	165322240	1
chr2	165322240	165322265	0.04
chr2	165322840	165322865	0.84
chr2	165322865	165322890	1
chr2	165322890	165322915	1.12
chr2	165322915	165323015	2
chr2	165323015	165323040	1.56
chr2	165323040	165323090	1
chr2	165323090	165323115	0.28
chr2	165323715	165323740	1.6
chr2	165323740	165323890	2
chr2	165323890	165323915	1.2
chr2	165324415	165324440	0.72
chr2	165324440	165324590	1
chr2	165324590	165324615	0.68
chr2	165325140	165325165	0.88
chr2	165325165	165325190	1.04
chr2	165325190	165325315	2
chr2	165325315	165325340	1.52
chr2	165325340	165325365	1
chr2	165325365	165325390	0.36
chr2	165325390	165325565	1
chr2	165325565	165325590	0.4
chr2	165326040	165326065	0.72
chr2	165326065	165326215	1
chr2	165326215	165326240	0.68
chr2	165326515	165326540	0.24
chr2	165326540	165326565	1.88
chr2	165326565	165326715	2
chr2	165326715	165326740	0.68
chr2	165326815	165326840	0.92
chr2	165326840	165326990	1
chr2	165326990	165327015	0.48
chr2	165327590	165327615	0.6
chr2	165327615	165327765	1
chr2	165327765	165327790	0.8
chr2	165328015	165328040	0.6
chr2	165328040	165328065	1.8
chr2	165328065	165328190	2
chr2	165328190	165328215	1.8
chr2	165328215	165328240	0.6
chr2	165328265	165328290	0.52
chr2	165328290	165328315	1.64
chr2	165328315	165328390	2
chr2	165328390	165328415	2.24
chr2	165328415	165328440	3
chr2	165328440	165328465	2.88
chr2	165328465	165328490	1.76
chr2	165328490	165328540	1
chr2	165328540	165328565	2.8
chr2	165328565	165328590	3.88
chr2	165328590	165328615	3.16
chr2	165328615	165328690	3
chr2	165328690	165328715	3.32
chr2	165328715	165328740	3
chr2	165328740	165328765	1.52
chr2	165328765	165328890	1
chr2	165328890	165328915	0.08
chr2	165328965	165328990	0.88
chr2	165328990	165329140	1
chr2	165329140	165329165	0.8
chr2	165329165	165329340	1
chr2	165329340	165329365	0.12
chr2	165329390	165329415	0.92
chr2	165329415	165329440	1.92
chr2	165329440	165329565	2
chr2	165329565	165329590	1.48
chr2	165329590	165329615	0.48
chr2	165329765	165329790	0.44
chr2	165329790	165329815	1.84
chr2	165329815	165329940	2
chr2	165329940	165329965	1.96
chr2	165329965	165329990	0.56
chr2	165330290	165330315	0.4
chr2	165330315	165330490	1
chr2	165330515	165330540	0.48
chr2	165330540	165330690	1
chr2	165330690	165330715	0.92
chr2	165331140	165331165	0.28
chr2	165331165	165331190	1.16
chr2	165331190	165331340	2
chr2	165331340	165331365	1.16
chr2	165331365	165331390	1.24
chr2	165331390	165331415	1.92
chr2	165331415	165331440	2
chr2	165331440	165331465	2.36
chr2	165331465	165331515	3
chr2	165331515	165331540	3.16
chr2	165331540	165331565	3.36
chr2	165331565	165331590	2.48
chr2	165331590	165331640	2
chr2	165331640	165331665	1.04
chr2	165331665	165331690	1.2
chr2	165331690	165331715	2
chr2	165331715	165331740	1.24
chr2	165331740	165331865	1
chr2	165331865	165331890	0.2
chr2	165332265	165332290	0.72
chr2	165332290	165332440	1
chr2	165332440	165332465	0.68
chr2	165332565	165332590	0.56
chr2	165332590	165332615	2
chr2	165332615	165332665	3
chr2	165332665	165332690	3.28
chr2	165332690	165332765	4
chr2	165332765	165332790	2.24
chr2	165332790	165332815	1.4
chr2	165332815	165332865	1
chr2	165332865	165332890	0.4
chr2	165332890	165333065	1
chr2	165333065	165333090	0.12
chr2	165333190	165333215	0.84
chr2	165333215	165333365	1
chr2	165333365	165333390	0.56
chr2	165333490	165333515	0.56
chr2	165333515	165333665	1
chr2	165333665	165333690	0.84
chr2	165334940	165334965	0.6
chr2	165334965	165335115	1
chr2	165335115	165335140	0.8
chr2	165335740	165335765	0.48
chr2	165335765	165335815	1
chr2	165335815	165335840	1.12
chr2	165335840	165335915	2
chr2	165335915	165335940	1.92
chr2	165335940	165335965	1.04
chr2	165335965	165336015	2
chr2	165336015	165336040	1.28
chr2	165336040	165336140	1
chr2	165336140	165336165	0.36
chr2	165336515	165336540	0.12
chr2	165336540	165336715	1
chr2	165336715	165336740	0.28
chr2	165337415	165337440	0.32
chr2	165337440	165337615	1
chr2	165337615	165337640	0.08
chr2	165338215	165338240	0.52
chr2	165338240	165338265	1.84
chr2	165338265	165338390	2
chr2	165338390	165338415	1.88
chr2	165338415	165338440	0.56
chr2	165338590	165338615	0.28
chr2	165338615	165338665	1
chr2	165338665	165338690	1.4
chr2	165338690	165338765	2
chr2	165338765	165338790	2.72
chr2	165338790	165338815	2.12
chr2	165338815	165338865	2
chr2	165338865	165338940	1
chr2	165338940	165338965	1.24
chr2	165338965	165339115	1
chr2	165339115	165339140	0.84
chr2	165339890	165339915	0.84
chr2	165339915	165340065	1
chr2	165340065	165340090	0.56
chr2	165340290	165340315	0.08
chr2	165340315	165340490	1
chr2	165340490	165340515	0.32
chr2	165340890	165340915	0.76
chr2	165340915	165341040	1
chr2	165341040	165341065	1.68
chr2	165341065	165341090	1.64
chr2	165341090	165341215	1
chr2	165341215	165341240	0.72
chr2	165341890	165341915	0.04
chr2	165341915	165342040	1
chr2	165342040	165342065	1.56
chr2	165342065	165342090	2
chr2	165342090	165342115	1.36
chr2	165342115	165342215	1
chr2	165342215	165342240	0.84
chr2	165342615	165342640	0.72
chr2	165342640	165342790	1
chr2	165342790	165342815	0.68
chr2	165343465	165343490	0.28
chr2	165343490	165343565	1
chr2	165343565	165343590	3.4
chr2	165343590	165343615	5.28
chr2	165343615	165343665	6
chr2	165343665	165343690	5.12
chr2	165343690	165343740	5
chr2	165343740	165343765	4.2
chr2	165343765	165343790	1
chr2	165343790	165343815	0.12
chr2	165344190	165344215	0.92
chr2	165344215	165344365	1
chr2	165344365	165344390	0.48
chr2	165344565	165344590	0.56
chr2	165344590	165344740	1
chr2	165344740	165344765	0.84
chr2	165345565	165345740	1
chr2	165345740	165345765	0.4
chr2	165346140	165346165	0.8
chr2	165346165	165346215	1
chr2	165346215	165346240	1.72
chr2	165346240	165346315	2
chr2	165346315	165346340	1.6
chr2	165346340	165346390	1
chr2	165346390	165346415	0.68
chr2	165346515	165346540	0.32
chr2	165346540	165346715	1
chr2	165346715	165346740	0.08
chr2	165346965	165346990	0.28
chr2	165346990	165347165	1
chr2	165347165	165347190	0.12
chr2	165347715	165347740	1
chr2	165347740	165347765	1.76
chr2	165347765	165347890	2
chr2	165347890	165347915	1.88
chr2	165347915	165347940	1.64
chr2	165347940	165348040	1
chr2	165348040	165348065	1.76
chr2	165348065	165348090	1.92
chr2	165348090	165348215	1
chr2	165348215	165348240	0.64
chr2	165348290	165348315	0.04
chr2	165348315	165348340	1.08
chr2	165348340	165348490	2
chr2	165348490	165348515	1.36
chr2	165348515	165348540	0.32
chr2	165348640	165348665	1.24
chr2	165348665	165348690	3.68
chr2	165348690	165348715	4
chr2	165348715	165348740	4.6
chr2	165348740	165348815	6
chr2	165348815	165348840	5.56
chr2	165348840	165348865	3.12
chr2	165348865	165348890	2
chr2	165348890	165348915	1.8
chr2	165348915	165348940	0.4
chr2	165349165	165349190	0.2
chr2	165349190	165349265	1
chr2	165349265	165349290	1.6
chr2	165349290	165349365	2
chr2	165349365	165349390	1.2
chr2	165349390	165349440	1
chr2	165349440	165349465	0.8
chr2	165349740	165349765	0.32
chr2	165349765	165349865	1
chr2	165349865	165349890	1.16
chr2	165349890	165349940	2
chr2	165349940	165349965	1.08
chr2	165349965	165350040	1
chr2	165350040	165350065	1.4
chr2	165350065	165350090	1.24
chr2	165350090	165350240	1
chr2	165350240	165350265	0.24
chr2	165350265	165350440	1
chr2	165350440	165350465	0.16
chr2	165350615	165350640	0.68
chr2	165350640	165350715	1
chr2	165350715	165350740	1.04
chr2	165350740	165350790	2
chr2	165350790	165350815	1.72
chr2	165350815	165350915	1
chr2	165350915	165350940	0.36
chr2	165350940	165350965	0.64
chr2	165350965	165351115	1
chr2	165351115	165351140	0.76
chr2	165351415	165351440	0.52
chr2	165351440	165351465	1.68
chr2	165351465	165351590	2
chr2	165351590	165351615	1.88
chr2	165351615	165351640	0.72
chr2	165351665	165351690	0.16
chr2	165351690	165351865	1
chr2	165351865	165351890	0.24
chr2	165351890	165351915	0.92
chr2	165351915	165351990	1
chr2	165351990	165352015	1.32
chr2	165352015	165352065	2
chr2	165352065	165352090	1.48
chr2	165352090	165352115	1
chr2	165352115	165352140	1.76
chr2	165352140	165352165	2.52
chr2	165352165	165352190	3
chr2	165352190	165352215	2.08
chr2	165352215	165352290	2
chr2	165352290	165352315	1.64
chr2	165352315	165352340	0.88
chr2	165352615	165352640	0.52
chr2	165352640	165352790	1
chr2	165352790	165352815	0.88
chr2	165353115	165353140	0.28
chr2	165353140	165353315	1
chr2	165353315	165353340	0.12
chr2	165353440	165353465	0.2
chr2	165353465	165353640	1
chr2	165353640	165353665	0.2
chr2	165353740	165353765	0.96
chr2	165353765	165353915	1
chr2	165353915	165353940	0.44
chr2	165353990	165354015	0.76
chr2	165354015	165354115	1
chr2	165354115	165354140	1.96
chr2	165354140	165354165	2
chr2	165354165	165354190	2.52
chr2	165354190	165354290	2
chr2	165354290	165354315	1.44
chr2	165354315	165354340	1
chr2	165354340	165354365	0.52
chr2	165354390	165354490	1
chr2	165354490	165354515	1.68
chr2	165354515	165354565	2
chr2	165354565	165354590	1.4
chr2	165354590	165354615	1.56
chr2	165354615	165354665	2
chr2	165354665	165354690	1.72
chr2	165354690	165354765	1
chr2	165354765	165354790	0.84
chr2	165354965	165354990	0.36
chr2	165354990	165355015	1
chr2	165355015	165355040	2.28
chr2	165355040	165355165	3
chr2	165355165	165355190	2.04
chr2	165355190	165355215	1.52
chr2	165355615	165355640	0.64
chr2	165355640	165355790	1
chr2	165355790	165355815	0.76
chr2	165356390	165356415	0.04
chr2	165356415	165356590	1
chr2	165356590	165356615	0.36
chr2	165356615	165356640	0.4
chr2	165356640	165356815	1
chr2	165357190	165357365	1
chr2	165357365	165357390	0.4
chr2	165357540	165357565	0.56
chr2	165357565	165357590	1
chr2	165357590	165357615	1.68
chr2	165357615	165357715	2
chr2	165357715	165357765	1.84
chr2	165357765	165357790	1.72
chr2	165357790	165357865	1
chr2	165357865	165357890	1.52
chr2	165357890	165357915	2.84
chr2	165357915	165357940	2.56
chr2	165357940	165357965	2
chr2	165357965	165357990	2.24
chr2	165357990	165358040	3
chr2	165358040	165358065	2.88
chr2	165358065	165358090	1.56
chr2	165358090	165358115	1.96
chr2	165358115	165358140	3
chr2	165358140	165358165	4.08
chr2	165358165	165358190	4.16
chr2	165358190	165358265	4
chr2	165358265	165358290	3.56
chr2	165358290	165358315	2.28
chr2	165358315	165358340	1.72
chr2	165358415	165358440	0.72
chr2	165358440	165358515	1
chr2	165358515	165358540	1.16
chr2	165358540	165358590	2
chr2	165358590	165358615	2.2
chr2	165358615	165358715	2
chr2	165358715	165358740	1.24
chr2	165358740	165358765	1
chr2	165358765	165358790	0.88
chr2	165359415	165359440	0.16
chr2	165359440	165359465	1
chr2	165359465	165359490	1.44
chr2	165359490	165359615	2
chr2	165359615	165359640	1.24
chr2	165359640	165359665	0.96
chr2	165360515	165360540	0.36
chr2	165360540	165360665	1
chr2	165360665	165360690	1.36
chr2	165360690	165360715	2
chr2	165360715	165360740	1.04
chr2	165360740	165360865	1
chr2	165360865	165360890	0.04
chr2	165361290	165361315	0.76
chr2	165361315	165361465	1
chr2	165361465	165361490	0.64
chr2	165361565	165361590	0.4
chr2	165361590	165361615	1.4
chr2	165361615	165361640	2
chr2	165361640	165361665	2.6
chr2	165361665	165361740	3
chr2	165361740	165361765	3.48
chr2	165361765	165361790	3.2
chr2	165361790	165361815	3
chr2	165361815	165361840	2.8
chr2	165361840	165361915	2
chr2	165361915	165361940	1.92
chr2	165361940	165361965	1
chr2	165361965	165361990	0.2
chr2	165362090	165362115	0.68
chr2	165362115	165362265	1
chr2	165362265	165362290	0.72
chr2	165362740	165362765	0.36
chr2	165362765	165362940	1
chr2	165362940	165362965	0.32
chr2	165362965	165363140	1
chr2	165363140	165363165	0.12
chr2	165363590	165363615	0.64
chr2	165363615	165363765	1
chr2	165363765	165363790	0.76
chr2	165364940	165364965	0.92
chr2	165364965	165365090	1
chr2	165365090	165365115	1.4
chr2	165365115	165365140	1.48
chr2	165365140	165365290	1
chr2	165365415	165365440	1.28
chr2	165365440	165365590	2
chr2	165365590	165365615	1.52
chr2	165365840	165365865	0.6
chr2	165365865	165365890	1
chr2	165365890	165365915	1.76
chr2	165365915	165366015	2
chr2	165366015	165366040	1.84
chr2	165366040	165366065	2
chr2	165366065	165366090	1.64
chr2	165366090	165366140	1
chr2	165366140	165366165	1.96
chr2	165366165	165366190	2.2
chr2	165366190	165366215	3
chr2	165366215	165366240	2.36
chr2	165366240	165366315	2
chr2	165366315	165366340	1.44
chr2	165366340	165366365	1
chr2	165366365	165366390	0.2
chr2	165366390	165366415	0.12
chr2	165366415	165366590	1
chr2	165366590	165366615	0.28
chr2	165367590	165367615	0.96
chr2	165367615	165367690	1
chr2	165367690	165367715	1.92
chr2	165367715	165367765	2
chr2	165367765	165367790	1.44
chr2	165367790	165367865	1
chr2	165367865	165367890	0.48
chr2	165368065	165368090	0.64
chr2	165368090	165368215	1
chr2	165368215	165368240	1.12
chr2	165368240	165368265	1.76
chr2	165368265	165368390	1
chr2	165368390	165368415	1.68
chr2	165368415	165368440	1.28
chr2	165368440	165368565	1
chr2	165368565	165368590	0.72
chr2	165369065	165369090	0.12
chr2	165369090	165369140	1
chr2	165369140	165369165	2.88
chr2	165369165	165369265	3
chr2	165369265	165369290	2.28
chr2	165369290	165369315	2
chr2	165369315	165369340	0.92
chr2	165369340	165369365	0.04
chr2	165369365	165369540	1
chr2	165369540	165369565	0.36
chr2	165370190	165370215	1
chr2	165370215	165370240	1.84
chr2	165370240	165370365	2
chr2	165370365	165370390	2.28
chr2	165370390	165370415	1.56
chr2	165370415	165370540	1
chr2	165370540	165370565	0.52
chr2	165370890	165370915	0.52
chr2	165370915	165370940	1.16
chr2	165370940	165371040	2
chr2	165371040	165371065	2.08
chr2	165371065	165371090	2.88
chr2	165371090	165371115	2
chr2	165371115	165371140	1.24
chr2	165371140	165371240	1
chr2	165371240	165371265	0.32
chr2	165371490	165371515	0.72
chr2	165371515	165371665	1
chr2	165371665	165371690	0.68
chr2	165371740	165371765	0.28
chr2	165371765	165371940	1
chr2	165371940	165371965	0.12
chr2	165371965	165371990	0.84
chr2	165371990	165372140	1
chr2	165372140	165372165	0.56
chr2	165372990	165373015	0.28
chr2	165373015	165373190	1
chr2	165373190	165373215	0.12
chr2	165373215	165373240	0.6
chr2	165373240	165373265	2.76
chr2	165373265	165373390	3
chr2	165373390	165373415	2.8
chr2	165373415	165373440	1.04
chr2	165373640	165373665	0.8
chr2	165373665	165373715	2
chr2	165373715	165373740	2.56
chr2	165373740	165373840	3
chr2	165373840	165373890	1
chr2	165373890	165373915	0.84
chr2	165374640	165374665	0.92
chr2	165374665	165374765	1
chr2	165374765	165374815	2
chr2	165374815	165374840	1.88
chr2	165374840	165374940	2
chr2	165374940	165374965	1.4
chr2	165374965	165375015	1
chr2	165376265	165376290	0.56
chr2	165376290	165376440	1
chr2	165376440	165376465	1.04
chr2	165376465	165376640	1
chr2	165376640	165376665	0.2
chr2	165376690	165376715	0.68
chr2	165376715	165376865	1
chr2	165376865	165376890	1.64
chr2	165376890	165376940	1
chr2	165376940	165376965	1.12
chr2	165376965	165377015	2
chr2	165377015	165377040	2.84
chr2	165377040	165377065	2.48
chr2	165377065	165377090	2
chr2	165377090	165377115	2.48
chr2	165377115	165377140	3
chr2	165377140	165377165	2.28
chr2	165377165	165377190	2
chr2	165377190	165377215	1.56
chr2	165377215	165377265	1
chr2	165377265	165377290	0.92
chr2	165377790	165377815	0.68
chr2	165377815	165377965	1
chr2	165377965	165377990	0.72
chr2	165379215	165379240	0.16
chr2	165379240	165379415	1
chr2	165379415	165379440	0.24
chr2	165380015	165380040	0.36
chr2	165380040	165380215	1
chr2	165380215	165380240	0.04
chr2	165380565	165380590	0.64
chr2	165380590	165380715	1
chr2	165380715	165380740	1.68
chr2	165380740	165380765	1.76
chr2	165380765	165380890	1
chr2	165380890	165380915	0.72
chr2	165381940	165382115	1
chr2	165382115	165382140	0.4
chr2	165382290	165382315	0.2
chr2	165382315	165382340	1
chr2	165382340	165382365	1.72
chr2	165382365	165382490	2
chr2	165382490	165382515	2.08
chr2	165382515	165382540	1.68
chr2	165382540	165382615	1
chr2	165382615	165382640	1.68
chr2	165382640	165382665	2.12
chr2	165382665	165382690	2.52
chr2	165382690	165382790	2
chr2	165382790	165382815	1.72
chr2	165382815	165382840	1
chr2	165382840	165382865	0.28
chr2	165382865	165382890	0.08
chr2	165382890	165383015	1
chr2	165383015	165383040	1.08
chr2	165383040	165383065	2
chr2	165383065	165383090	1.32
chr2	165383090	165383215	1
chr2	165383215	165383240	0.32
chr2	165383715	165383740	0.44
chr2	165383740	165383815	1
chr2	165383815	165383840	2.68
chr2	165383840	165383865	3.6
chr2	165383865	165383890	4.04
chr2	165383890	165383915	4.96
chr2	165383915	165383990	4
chr2	165383990	165384015	3.12
chr2	165384015	165384040	1.8
chr2	165384040	165384065	1
chr2	165384065	165384090	0.36
chr2	165384390	165384565	1
chr2	165384565	165384590	0.4
chr2	165384740	165384765	1.76
chr2	165384765	165384915	2
chr2	165384915	165384940	1.04
chr2	165385015	165385040	0.92
chr2	165385040	165385165	1
chr2	165385165	165385190	1.92
chr2	165385190	165385215	1.88
chr2	165385215	165385315	2
chr2	165385315	165385340	2.64
chr2	165385340	165385365	2.48
chr2	165385365	165385390	2
chr2	165385390	165385490	1
chr2	165385490	165385515	0.76
chr2	165385615	165385640	0.44
chr2	165385640	165385790	1
chr2	165385790	165385815	0.96
chr2	165386290	165386315	0.52
chr2	165386315	165386465	1
chr2	165386465	165386490	0.88
chr2	165386540	165386565	0.2
chr2	165386565	165386740	1
chr2	165386740	165386765	0.2
chr2	165387990	165388015	0.76
chr2	165388015	165388165	2
chr2	165388165	165388190	1.72
chr2	165388190	165388215	0.32
chr2	165388415	165388440	0.8
chr2	165388440	165388590	1
chr2	165388590	165388615	0.6
chr2	165388865	165388890	0.56
chr2	165388890	165389040	1
chr2	165389040	165389065	0.84
chr2	165389265	165389290	0.76
chr2	165389290	165389440	1
chr2	165389440	165389465	0.64
chr2	165389865	165390040	1
chr2	165390040	165390065	0.4
chr2	165390140	165390165	0.64
chr2	165390165	165390290	1
chr2	165390290	165390315	1.4
chr2	165390315	165390340	1.76
chr2	165390340	165390365	1
chr2	165390365	165390390	1.92
chr2	165390390	165390440	2
chr2	165390440	165390490	3
chr2	165390490	165390540	2
chr2	165390540	165390565	1.48
chr2	165390565	165390615	1
chr2	165390615	165390640	0.4
chr2	165390665	165390690	0.8
chr2	165390690	165390840	1
chr2	165390840	165390865	0.6
chr2	165390965	165390990	0.4
chr2	165390990	165391165	1
chr2	165391190	165391215	0.92
chr2	165391215	165391365	1
chr2	165391365	165391390	0.48
chr2	165391415	165391440	0.68
chr2	165391440	165391565	1
chr2	165391565	165391590	1.8
chr2	165391590	165391615	1.72
chr2	165391615	165391640	1
chr2	165391640	165391665	1.28
chr2	165391665	165391715	4
chr2	165391715	165391740	4.52
chr2	165391740	165391765	5.6
chr2	165391765	165391840	5
chr2	165391840	165391865	3.88
chr2	165391865	165391915	3
chr2	165391915	165391940	1.28
chr2	165391940	165391990	1
chr2	165391990	165392015	1.12
chr2	165392015	165392040	1.44
chr2	165392040	165392090	1
chr2	165392090	165392115	1.24
chr2	165392115	165392190	2
chr2	165392190	165392215	2.32
chr2	165392215	165392290	3
